0
SECTION
2
HEADER
9
$INSUNITS
70
4
9
$ACADVER
1
AC1014
9
$HANDSEED
5
FFFF
0
ENDSEC
0
SECTION
2
TABLES
0
TABLE
2
VPORT
5
8
100
AcDbSymbolTable
0
ENDTAB
0
TABLE
2
LTYPE
5
5
100
AcDbSymbolTable
0
LTYPE
5
14
100
AcDbSymbolTableRecord
100
AcDbLinetypeTableRecord
2
BYBLOCK
70
0
0
LTYPE
5
15
100
AcDbSymbolTableRecord
100
AcDbLinetypeTableRecord
2
BYLAYER
70
0
0
ENDTAB
0
TABLE
2
LAYER
5
2
100
AcDbSymbolTable
70
2
0
LAYER
5
50
100
AcDbSymbolTableRecord
100
AcDbLayerTableRecord
2
0
70
0
6
CONTINUOUS
0
ENDTAB
0
TABLE
2
STYLE
5
3
100
AcDbSymbolTable
70
1
0
STYLE
5
11
100
AcDbSymbolTableRecord
100
AcDbTextStyleTableRecord
2
STANDARD
70
0
0
ENDTAB
0
TABLE
2
VIEW
5
6
100
AcDbSymbolTable
70
0
0
ENDTAB
0
TABLE
2
UCS
5
7
100
AcDbSymbolTable
70
0
0
ENDTAB
0
TABLE
2
APPID
5
9
100
AcDbSymbolTable
70
2
0
APPID
5
12
100
AcDbSymbolTableRecord
100
AcDbRegAppTableRecord
2
ACAD
70
0
0
ENDTAB
0
TABLE
2
DIMSTYLE
5
A
100
AcDbSymbolTable
70
1
0
ENDTAB
0
TABLE
2
BLOCK_RECORD
5
1
100
AcDbSymbolTable
70
1
0
BLOCK_RECORD
5
1F
100
AcDbSymbolTableRecord
100
AcDbBlockTableRecord
2
*MODEL_SPACE
0
BLOCK_RECORD
5
1B
100
AcDbSymbolTableRecord
100
AcDbBlockTableRecord
2
*PAPER_SPACE
0
ENDTAB
0
ENDSEC
0
SECTION
2
BLOCKS
0
BLOCK
5
20
100
AcDbEntity
100
AcDbBlockBegin
2
*MODEL_SPACE
0
ENDBLK
5
21
100
AcDbEntity
100
AcDbBlockEnd
0
BLOCK
5
1C
100
AcDbEntity
100
AcDbBlockBegin
2
*PAPER_SPACE
0
ENDBLK
5
1D
100
AcDbEntity
100
AcDbBlockEnd
0
ENDSEC
0
SECTION
2
ENTITIES
0
LWPOLYLINE
5
100
100
AcDbEntity
8
0
100
AcDbPolyline
90
82
70
1
43
0.0
10
-956
20
464.80000000000388
10
-957
20
463.80000000000393
10
-957
20
339.80000000000388
10
-963
20
339.80000000000388
10
-963
20
463.80000000000388
10
-964
20
464.80000000000388
10
-1098
20
464.80000000000382
10
-1098
20
250.90000000000208
10
-1090
20
250.90000000000225
10
-1090
20
245.80000000000388
10
-1089
20
244.80000000000388
10
-1051
20
244.80000000000388
10
-1050
20
245.80000000000388
10
-1050
20
250.90000000000387
10
-964.99999999999989
20
250.900000000007
10
-965.00000000000011
20
245.7999999999999
10
-964.00000000000023
20
244.80000000000388
10
-926.00000000000011
20
244.80000000000388
10
-925.00000000000011
20
245.80000000000388
10
-924.99999999999977
20
250.90000000000387
10
-865
20
250.90000000000771
10
-865
20
245.80000000000388
10
-864
20
244.80000000000388
10
-826.00000000000011
20
244.80000000000388
10
-825.00000000000011
20
245.80000000000388
10
-824.99999999999977
20
250.90000000000387
10
-765
20
250.90000000000771
10
-765
20
245.80000000000388
10
-764
20
244.80000000000388
10
-726.00000000000011
20
244.80000000000388
10
-725.00000000000011
20
245.80000000000388
10
-724.99999999999977
20
250.90000000000387
10
-665
20
250.90000000000771
10
-665
20
245.80000000000388
10
-664
20
244.80000000000388
10
-626.00000000000011
20
244.80000000000388
10
-625.00000000000011
20
245.80000000000388
10
-624.99999999999977
20
250.90000000000387
10
-565
20
250.90000000000771
10
-565
20
245.80000000000388
10
-564
20
244.80000000000388
10
-526.00000000000011
20
244.80000000000388
10
-525.00000000000011
20
245.80000000000388
10
-524.99999999999977
20
250.90000000000387
10
-465
20
250.90000000000771
10
-465
20
245.80000000000388
10
-464.00000000000006
20
244.80000000000388
10
-426.00000000000023
20
244.80000000000388
10
-425.00000000000011
20
245.80000000000388
10
-424.99999999999972
20
250.90000000000387
10
-365
20
250.90000000000771
10
-365
20
245.80000000000388
10
-364.00000000000006
20
244.80000000000388
10
-326.00000000000023
20
244.80000000000388
10
-325.00000000000011
20
245.80000000000388
10
-324.99999999999972
20
250.90000000000387
10
-265
20
250.90000000000771
10
-265
20
245.80000000000786
10
-264.00000000000006
20
244.80000000000388
10
-226.00000000000009
20
244.80000000000388
10
-225.00000000000006
20
245.80000000000388
10
-224.99999999999986
20
250.90000000000387
10
-140
20
250.900000000007
10
-140.00000000000009
20
245.80000000000388
10
-139.00000000000006
20
244.80000000000388
10
-101.00000000000009
20
244.80000000000388
10
-100.00000000000007
20
245.80000000000388
10
-99.999999999999858
20
250.90000000000845
10
-92.000000000000028
20
250.90000000000845
10
-92.000000000000028
20
464.80000000000354
10
-226
20
464.8000000000095
10
-227.00000000000003
20
463.80000000000388
10
-227.00000000000003
20
339.80000000000388
10
-232.99999999999997
20
339.80000000000388
10
-232.99999999999997
20
463.80000000000388
10
-234
20
464.80000000000388
10
-591
20
464.80000000000388
10
-592
20
463.80000000000393
10
-592
20
339.80000000000388
10
-598
20
339.80000000000388
10
-598
20
463.80000000000388
10
-598.99999999999989
20
464.80000000000388
0
CIRCLE
5
101
100
AcDbEntity
8
0
100
AcDbCircle
10
-1075
20
349.80000000000388
30
0
40
2.9999999999999716
210
0
220
0
230
1
0
CIRCLE
5
102
100
AcDbEntity
8
0
100
AcDbCircle
10
-613
20
299.80000000000388
30
0
40
2.9999999999999716
210
0
220
0
230
1
0
CIRCLE
5
103
100
AcDbEntity
8
0
100
AcDbCircle
10
-115.00000000000014
20
299.80000000000388
30
0
40
3.0000000000000071
210
0
220
0
230
1
0
CIRCLE
5
104
100
AcDbEntity
8
0
100
AcDbCircle
10
-978
20
299.80000000000388
30
0
40
2.9999999999999716
210
0
220
0
230
1
0
CIRCLE
5
105
100
AcDbEntity
8
0
100
AcDbCircle
10
-1075
20
299.80000000000388
30
0
40
2.9999999999999716
210
0
220
0
230
1
0
CIRCLE
5
106
100
AcDbEntity
8
0
100
AcDbCircle
10
-212.00000000000003
20
299.80000000000388
30
0
40
3.0000000000000071
210
0
220
0
230
1
0
CIRCLE
5
107
100
AcDbEntity
8
0
100
AcDbCircle
10
-115.00000000000014
20
349.80000000000388
30
0
40
3.0000000000000071
210
0
220
0
230
1
0
CIRCLE
5
108
100
AcDbEntity
8
0
100
AcDbCircle
10
-1075
20
399.80000000000388
30
0
40
2.9999999999999716
210
0
220
0
230
1
0
CIRCLE
5
109
100
AcDbEntity
8
0
100
AcDbCircle
10
-1075
20
449.80000000000388
30
0
40
2.9999999999999716
210
0
220
0
230
1
0
CIRCLE
5
110
100
AcDbEntity
8
0
100
AcDbCircle
10
-115.00000000000014
20
399.80000000000388
30
0
40
3.0000000000000071
210
0
220
0
230
1
0
CIRCLE
5
111
100
AcDbEntity
8
0
100
AcDbCircle
10
-115.00000000000014
20
449.80000000000388
30
0
40
3.0000000000000071
210
0
220
0
230
1
0
CIRCLE
5
112
100
AcDbEntity
8
0
100
AcDbCircle
10
-247.99999999999997
20
299.80000000000388
30
0
40
3.0000000000000071
210
0
220
0
230
1
0
CIRCLE
5
113
100
AcDbEntity
8
0
100
AcDbCircle
10
-942
20
299.80000000000388
30
0
40
2.9999999999999716
210
0
220
0
230
1
0
CIRCLE
5
114
100
AcDbEntity
8
0
100
AcDbCircle
10
-577
20
299.80000000000388
30
0
40
2.9999999999999716
210
0
220
0
230
1
0
LWPOLYLINE
5
115
100
AcDbEntity
8
0
100
AcDbPolyline
90
58
70
1
43
0.0
10
-1050.9999999998818
20
599.10000000000002
10
-1049.9999999998813
20
600.10000000000002
10
-1049.9999999998784
20
605.10000000000002
10
-964.99999999989291
20
605.0999999999899
10
-964.99999999988358
20
600.09999999998695
10
-963.99999999988177
20
599.10000000000002
10
-925.99999999988142
20
599.10000000000002
10
-924.99999999988222
20
600.10000000000002
10
-925.00000000125374
20
605.10000000000002
10
-865.00000000129376
20
605.0999999999965
10
-864.99999999989018
20
600.09999999999809
10
-863.99999999988154
20
599.10000000000002
10
-825.99999999988142
20
599.10000000000002
10
-824.99999999988222
20
600.10000000000002
10
-825.00000000125374
20
605.10000000000002
10
-765.00000000129376
20
605.0999999999965
10
-764.99999999989018
20
600.09999999999809
10
-763.99999999988154
20
599.10000000000002
10
-725.99999999988142
20
599.10000000000002
10
-724.99999999988222
20
600.10000000000002
10
-725.00000000125374
20
605.10000000000002
10
-665.00000000129376
20
605.0999999999965
10
-664.99999999989018
20
600.09999999999809
10
-663.99999999988154
20
599.10000000000002
10
-625.99999999988154
20
599.10000000000002
10
-624.99999999988222
20
600.10000000000002
10
-625.00000000125374
20
605.10000000000002
10
-565.00000000129376
20
605.0999999999965
10
-564.99999999989018
20
600.09999999999809
10
-563.99999999988142
20
599.10000000000002
10
-525.99999999988154
20
599.10000000000002
10
-524.99999999988222
20
600.10000000000002
10
-525.00000000125374
20
605.10000000000002
10
-465.00000000129376
20
605.0999999999965
10
-464.99999999989018
20
600.09999999999809
10
-463.99999999988148
20
599.10000000000002
10
-425.99999999988142
20
599.10000000000002
10
-424.99999999988222
20
600.10000000000002
10
-425.00000000125368
20
605.10000000000002
10
-365.00000000129376
20
605.0999999999965
10
-364.99999999989018
20
600.10000000000002
10
-363.99999999988154
20
599.10000000000002
10
-325.99999999988142
20
599.10000000000002
10
-324.99999999988222
20
600.10000000000002
10
-325.00000000125368
20
605.10000000000002
10
-265.00000000129376
20
605.0999999999965
10
-264.99999999989012
20
600.09999999999809
10
-263.99999999988154
20
599.10000000000002
10
-225.9999999999026
20
599.10000000000002
10
-224.9999999999032
20
600.09999999999968
10
-225.00000000000313
20
605.09999999999968
10
-140.00000000001222
20
605.10000000000593
10
-139.99999999990504
20
600.10000000000002
10
-138.99999999990257
20
599.10000000000002
10
-99.999999999902656
20
599.10000000000002
10
-99.999999999902514
20
749.09999999999991
10
-1089.9999999998965
20
969.09999999997979
10
-1089.9999999999025
20
599.10000000000002
0
CIRCLE
5
116
100
AcDbEntity
8
0
100
AcDbCircle
10
-1074.9999999998784
20
804.09999999999991
30
0
40
2.9999999999999716
210
0
220
0
230
1
0
CIRCLE
5
117
100
AcDbEntity
8
0
100
AcDbCircle
10
-1074.9999999998784
20
704.09999999999991
30
0
40
2.9999999999999716
210
0
220
0
230
1
0
CIRCLE
5
118
100
AcDbEntity
8
0
100
AcDbCircle
10
-1074.9999999998795
20
854.09999999999991
30
0
40
2.9999999999999716
210
0
220
0
230
1
0
LWPOLYLINE
5
119
100
AcDbEntity
8
0
100
AcDbPolyline
90
4
70
1
43
0.0
10
-772.85560216384681
20
754.17279435915873
10
-724.06585902283882
20
743.2384007209879
10
-725.37798625941934
20
737.38363154406716
10
-774.16772940042745
20
748.31802518223822
0
LWPOLYLINE
5
120
100
AcDbEntity
8
0
100
AcDbPolyline
90
4
70
1
43
0.0
10
-471.66025450669105
20
686.67113763285101
10
-422.87051136568323
20
675.73674399468007
10
-424.18263860226364
20
669.88197481775944
10
-472.97238174327197
20
680.81636845593039
0
LWPOLYLINE
5
121
100
AcDbEntity
8
0
100
AcDbPolyline
90
4
70
1
43
0.0
10
-170.46490684953554
20
619.16948090654296
10
-121.67516370852766
20
608.23508726837213
10
-122.98729094510819
20
602.38031809145139
10
-171.77703408611634
20
613.31471172962245
0
CIRCLE
5
122
100
AcDbEntity
8
0
100
AcDbCircle
10
-114.99999999987836
20
704.09999999999991
30
0
40
3.0000000000000071
210
0
220
0
230
1
0
CIRCLE
5
123
100
AcDbEntity
8
0
100
AcDbCircle
10
-977.99999999987767
20
654.09999999999991
30
0
40
2.9999999999999716
210
0
220
0
230
1
0
CIRCLE
5
124
100
AcDbEntity
8
0
100
AcDbCircle
10
-114.99999999987836
20
654.09999999999991
30
0
40
3.0000000000000071
210
0
220
0
230
1
0
CIRCLE
5
125
100
AcDbEntity
8
0
100
AcDbCircle
10
-941.99999999987676
20
654.09999999999991
30
0
40
2.9999999999999716
210
0
220
0
230
1
0
CIRCLE
5
126
100
AcDbEntity
8
0
100
AcDbCircle
10
-1074.9999999998784
20
654.09999999999991
30
0
40
2.9999999999999716
210
0
220
0
230
1
0
CIRCLE
5
127
100
AcDbEntity
8
0
100
AcDbCircle
10
-1074.9999999998784
20
754.09999999999991
30
0
40
2.9999999999999716
210
0
220
0
230
1
0
CIRCLE
5
128
100
AcDbEntity
8
0
100
AcDbCircle
10
-1074.9999999998799
20
904.09999999999991
30
0
40
2.9999999999999716
210
0
220
0
230
1
0
LWPOLYLINE
5
129
100
AcDbEntity
8
0
100
AcDbPolyline
90
4
70
1
43
0.0
10
-873.25405138289852
20
776.67334660126141
10
-824.46430824189065
20
765.73895296309047
10
-825.77643547847106
20
759.88418378616973
10
-874.56617861947939
20
770.81857742434079
0
LWPOLYLINE
5
130
100
AcDbEntity
8
0
100
AcDbPolyline
90
4
70
1
43
0.0
10
-672.45715294479498
20
731.67224211705627
10
-623.667409803787
20
720.73784847888533
10
-624.9795370403674
20
714.88307930196459
10
-673.76928018137562
20
725.81747294013564
0
LWPOLYLINE
5
131
100
AcDbEntity
8
0
100
AcDbPolyline
90
4
70
1
43
0.0
10
-371.26180528763928
20
664.17058539074833
10
-322.4720621466314
20
653.2361917525775
10
-323.78418938321192
20
647.38142257565664
10
-372.57393252422003
20
658.3158162138277
0
LWPOLYLINE
5
132
100
AcDbEntity
8
0
100
AcDbPolyline
90
4
70
1
43
0.0
10
-270.86335606858739
20
641.67003314864542
10
-222.07361292757952
20
630.73563951047481
10
-223.38574016416004
20
624.88087033355407
10
-272.1754833051682
20
635.81526397172513
0
LWPOLYLINE
5
133
100
AcDbEntity
8
0
100
AcDbPolyline
90
4
70
1
43
0.0
10
-572.05870372574293
20
709.17168987495359
10
-523.26896058473505
20
698.23729623678264
10
-524.58108782131558
20
692.38252705986179
10
-573.37083096232379
20
703.31692069803285
0
LWPOLYLINE
5
134
100
AcDbEntity
8
0
100
AcDbPolyline
90
12
70
1
43
0.0
10
-973.65250060195058
20
799.17389884336399
10
-962.99999999987813
20
796.78653979379442
10
-962.99999999987813
20
849.09999999995705
10
-956.99999999987676
20
849.09999999995421
10
-956.99999999987756
20
795.44186450744542
10
-924.86275746094248
20
788.23950520519304
10
-926.174884697523
20
782.38473602827241
10
-956.99999999987767
20
789.293031152597
10
-956.99999999987665
20
694.09999999995443
10
-962.99999999988188
20
694.09999999998274
10
-962.99999999987813
20
790.63770643894611
10
-974.96462783853133
20
793.31912966644359
0
LWPOLYLINE
5
135
100
AcDbEntity
8
0
100
AcDbPolyline
90
4
70
1
43
0.0
10
-1074.0509498210024
20
821.67445108546667
10
-1025.2612066799945
20
810.74005744729573
10
-1026.5733339165749
20
804.88528827037499
10
-1075.3630770575833
20
815.81968190854627
0
LWPOLYLINE
5
136
100
AcDbEntity
8
0
100
AcDbPolyline
90
4
70
1
43
0.0
10
-1041.9782003145292
20
143.99999999999937
10
-1091.9782003145292
20
143.99999999999935
10
-1091.9782003145292
20
150.00000000000014
10
-1041.9782003145292
20
150.00000000000011
0
LWPOLYLINE
5
137
100
AcDbEntity
8
0
100
AcDbPolyline
90
4
70
1
43
0.0
10
-836.20042253675149
20
150.00000000000011
10
-836.20042253675149
20
143.99999999999937
10
-886.20042253675149
20
143.99999999999935
10
-886.20042253675149
20
150.00000000000014
0
CIRCLE
5
138
100
AcDbEntity
8
0
100
AcDbCircle
10
-1091.9782003145292
20
59.999999999999645
30
0
40
2.9999999999999716
210
0
220
0
230
1
0
CIRCLE
5
139
100
AcDbEntity
8
0
100
AcDbCircle
10
-1091.9782003145292
20
109.99999999999964
30
0
40
2.9999999999999716
210
0
220
0
230
1
0
CIRCLE
5
140
100
AcDbEntity
8
0
100
AcDbCircle
10
-115.97820031452926
20
59.999999999999645
30
0
40
3.0000000000000071
210
0
220
0
230
1
0
CIRCLE
5
141
100
AcDbEntity
8
0
100
AcDbCircle
10
-121.97820031452926
20
154.99999999999966
30
0
40
3.0000000000000071
210
0
220
0
230
1
0
CIRCLE
5
142
100
AcDbEntity
8
0
100
AcDbCircle
10
-1085.978200314531
20
154.99999999999966
30
0
40
2.9999999999999716
210
0
220
0
230
1
0
LWPOLYLINE
5
143
100
AcDbEntity
8
0
100
AcDbPolyline
90
4
70
1
43
0.0
10
-115.97820031452926
20
150.00000000000014
10
-115.97820031452926
20
143.99999999999937
10
-165.97820031452926
20
143.99999999999935
10
-165.97820031452926
20
150.00000000000014
0
CIRCLE
5
144
100
AcDbEntity
8
0
100
AcDbCircle
10
-115.97820031452926
20
109.99999999999964
30
0
40
3.0000000000000071
210
0
220
0
230
1
0
LWPOLYLINE
5
145
100
AcDbEntity
8
0
100
AcDbPolyline
90
4
70
1
43
0.0
10
-218.86708920341817
20
150.00000000000011
10
-218.86708920341817
20
143.99999999999937
10
-268.86708920341817
20
143.99999999999935
10
-268.86708920341817
20
150.00000000000014
0
LWPOLYLINE
5
146
100
AcDbEntity
8
0
100
AcDbPolyline
90
4
70
1
43
0.0
10
-321.75597809230709
20
150.00000000000011
10
-321.75597809230709
20
143.99999999999937
10
-371.75597809230709
20
143.99999999999935
10
-371.75597809230709
20
150.00000000000014
0
LWPOLYLINE
5
147
100
AcDbEntity
8
0
100
AcDbPolyline
90
4
70
1
43
0.0
10
-424.64486698119595
20
150.00000000000011
10
-424.64486698119595
20
143.99999999999937
10
-474.64486698119595
20
143.99999999999935
10
-474.64486698119595
20
150.00000000000014
0
LWPOLYLINE
5
148
100
AcDbEntity
8
0
100
AcDbPolyline
90
4
70
1
43
0.0
10
-527.53375587008475
20
150.00000000000011
10
-527.53375587008475
20
143.99999999999937
10
-577.53375587008475
20
143.99999999999935
10
-577.53375587008475
20
150.00000000000014
0
LWPOLYLINE
5
149
100
AcDbEntity
8
0
100
AcDbPolyline
90
4
70
1
43
0.0
10
-630.42264475897366
20
150.00000000000011
10
-630.42264475897366
20
143.99999999999937
10
-680.42264475897366
20
143.99999999999935
10
-680.42264475897366
20
150.00000000000014
0
LWPOLYLINE
5
150
100
AcDbEntity
8
0
100
AcDbPolyline
90
4
70
1
43
0.0
10
-733.31153364786257
20
150.00000000000011
10
-733.31153364786257
20
143.99999999999937
10
-783.31153364786257
20
143.99999999999935
10
-783.31153364786257
20
150.00000000000014
0
LWPOLYLINE
5
151
100
AcDbEntity
8
0
100
AcDbPolyline
90
4
70
1
43
0.0
10
-939.08931142564029
20
150.00000000000011
10
-939.08931142564029
20
143.99999999999937
10
-989.08931142564029
20
143.99999999999935
10
-989.08931142564029
20
150.00000000000014
0
LWPOLYLINE
5
152
100
AcDbEntity
8
0
100
AcDbPolyline
90
8
70
1
43
0.0
10
-1100.978200314531
20
164.99999999999966
10
-1100.978200314531
20
150.00000000000014
10
-1106.9782003145292
20
150.00000000000028
10
-1106.9782003145292
20
-3.5527136788005009e-13
10
-100.97820031452926
20
-3.5527136788005009e-13
10
-100.97820031452926
20
150.00000000000006
10
-106.9782003145292
20
149.9999999999996
10
-106.9782003145292
20
164.99999999999966
0
LWPOLYLINE
5
153
100
AcDbEntity
8
0
100
AcDbPolyline
90
124
70
1
43
0.0
10
-2229.9999999999995
20
990.99999999999977
10
-2230.9999999999995
20
989.99999999999989
10
-2230.9999999999995
20
941.99999999999955
10
-2229.9999999999995
20
940.99999999999966
10
-2219
20
940.99999999999977
10
-2219
20
888.11111111111086
10
-2229.9999999999995
20
888.11111111111086
10
-2230.9999999999995
20
887.11111111111097
10
-2230.9999999999995
20
839.11111111111063
10
-2229.9999999999995
20
838.11111111111074
10
-2219
20
838.11111111111086
10
-2219
20
785.22222222222194
10
-2229.9999999999995
20
785.22222222222194
10
-2230.9999999999995
20
784.22222222222206
10
-2230.9999999999995
20
736.22222222222194
10
-2229.9999999999995
20
735.22222222222194
10
-2219
20
735.22222222222194
10
-2219
20
682.33333333333326
10
-2229.9999999999995
20
682.33333333333326
10
-2230.9999999999995
20
681.33333333333326
10
-2230.9999999999995
20
633.33333333333303
10
-2229.9999999999995
20
632.33333333333303
10
-2219
20
632.33333333333326
10
-2219
20
579.44444444444434
10
-2229.9999999999995
20
579.44444444444434
10
-2230.9999999999995
20
578.44444444444434
10
-2230.9999999999995
20
530.44444444444412
10
-2229.9999999999995
20
529.44444444444412
10
-2219
20
529.44444444444434
10
-2219
20
476.55555555555537
10
-2229.9999999999995
20
476.55555555555537
10
-2230.9999999999995
20
475.55555555555543
10
-2230.9999999999995
20
427.55555555555526
10
-2229.9999999999995
20
426.5555555555552
10
-2219
20
426.55555555555537
10
-2219
20
373.66666666666652
10
-2229.9999999999995
20
373.66666666666652
10
-2230.9999999999995
20
372.66666666666652
10
-2230.9999999999995
20
324.6666666666664
10
-2229.9999999999995
20
323.6666666666664
10
-2219
20
323.66666666666652
10
-2219
20
270.77777777777771
10
-2229.9999999999995
20
270.77777777777771
10
-2230.9999999999995
20
269.77777777777766
10
-2230.9999999999995
20
221.77777777777754
10
-2229.9999999999995
20
220.77777777777754
10
-2219
20
220.77777777777769
10
-2219
20
167.88888888888877
10
-2229.9999999999995
20
167.88888888888877
10
-2230.9999999999995
20
166.88888888888874
10
-2230.9999999999995
20
118.88888888888863
10
-2229.9999999999995
20
117.88888888888864
10
-2219
20
117.88888888888877
10
-2219
20
64.999999999999858
10
-2229.9999999999995
20
64.999999999999858
10
-2230.9999999999995
20
63.999999999999858
10
-2230.9999999999995
20
15.999999999999712
10
-2229.9999999999995
20
14.999999999999726
10
-2219
20
14.999999999999858
10
-2219
20
-1.4210854715202004e-13
10
-1224.9999999999998
20
-1.4210854715202004e-13
10
-1225
20
15
10
-1213.9999999999998
20
14.999999999999847
10
-1212.9999999999998
20
15.999999999999858
10
-1212.9999999999998
20
63.999999999999858
10
-1213.9999999999998
20
64.999999999999858
10
-1224.9999999999998
20
65
10
-1224.9999999999998
20
117.88888888888863
10
-1213.9999999999998
20
117.88888888888876
10
-1212.9999999999998
20
118.88888888888879
10
-1212.9999999999998
20
166.88888888888874
10
-1213.9999999999998
20
167.88888888888877
10
-1224.9999999999998
20
167.88888888888877
10
-1224.9999999999998
20
220.77777777777754
10
-1213.9999999999998
20
220.77777777777769
10
-1212.9999999999998
20
221.77777777777771
10
-1212.9999999999998
20
269.77777777777766
10
-1213.9999999999998
20
270.77777777777771
10
-1224.9999999999998
20
270.77777777777771
10
-1224.9999999999998
20
323.6666666666664
10
-1213.9999999999998
20
323.66666666666652
10
-1212.9999999999998
20
324.66666666666646
10
-1212.9999999999998
20
372.66666666666652
10
-1213.9999999999998
20
373.66666666666652
10
-1224.9999999999998
20
373.66666666666652
10
-1224.9999999999998
20
426.5555555555552
10
-1213.9999999999998
20
426.55555555555537
10
-1212.9999999999998
20
427.55555555555537
10
-1212.9999999999998
20
475.55555555555537
10
-1213.9999999999998
20
476.55555555555537
10
-1224.9999999999998
20
476.55555555555537
10
-1224.9999999999998
20
529.44444444444412
10
-1213.9999999999998
20
529.44444444444434
10
-1212.9999999999998
20
530.44444444444434
10
-1212.9999999999998
20
578.44444444444423
10
-1213.9999999999998
20
579.44444444444434
10
-1224.9999999999998
20
579.44444444444434
10
-1224.9999999999998
20
632.33333333333303
10
-1213.9999999999998
20
632.33333333333326
10
-1212.9999999999998
20
633.33333333333326
10
-1212.9999999999998
20
681.33333333333326
10
-1213.9999999999998
20
682.33333333333326
10
-1224.9999999999998
20
682.33333333333326
10
-1224.9999999999998
20
735.22222222222194
10
-1213.9999999999998
20
735.22222222222194
10
-1212.9999999999998
20
736.22222222222194
10
-1212.9999999999998
20
784.22222222222206
10
-1213.9999999999998
20
785.22222222222194
10
-1224.9999999999998
20
785.22222222222194
10
-1224.9999999999998
20
838.11111111111074
10
-1213.9999999999998
20
838.11111111111086
10
-1212.9999999999998
20
839.11111111111086
10
-1212.9999999999998
20
887.11111111111097
10
-1213.9999999999998
20
888.11111111111086
10
-1224.9999999999998
20
888.11111111111086
10
-1224.9999999999998
20
940.99999999999966
10
-1213.9999999999998
20
940.99999999999977
10
-1212.9999999999998
20
941.99999999999977
10
-1212.9999999999998
20
989.99999999999989
10
-1213.9999999999998
20
990.99999999999977
10
-1224.9999999999998
20
990.99999999999977
10
-1224.9999999999998
20
1005.9999999999998
10
-2219
20
1005.9999999999998
10
-2219
20
990.99999999999977
0
LWPOLYLINE
5
154
100
AcDbEntity
8
0
100
AcDbPolyline
90
4
70
1
43
0.0
10
-1803.052284143547
20
-249.84784312518738
10
-1700
20
-250
10
-1699.8385368904878
20
-140.644821269598
10
-1802.8908210340344
20
-140.49266439478592
0
LWPOLYLINE
5
155
100
AcDbEntity
8
0
100
AcDbPolyline
90
4
70
1
43
0.0
10
-85.925412707679385
20
10.279411335786968
10
17.126871435867486
20
10.127254460974342
10
17.288334545379769
20
119.48243319137623
10
-85.763949598166818
20
119.63459006618832
0
LWPOLYLINE
5
156
100
AcDbEntity
8
0
100
AcDbPolyline
90
4
70
1
43
0.0
10
-85.925412707679385
20
310.27941133578702
10
17.126871435867486
20
310.12725446097437
10
17.288334545379769
20
419.48243319137623
10
-85.763949598166818
20
419.63459006618837
0
LWPOLYLINE
5
157
100
AcDbEntity
8
0
100
AcDbPolyline
90
4
70
1
43
0.0
10
-85.925412707679385
20
610.2794113357869
10
17.126871435867486
20
610.12725446097431
10
17.288334545379769
20
719.48243319137623
10
-85.763949598166818
20
719.63459006618814
0
LINE
5
158
100
AcDbEntity
8
0
100
AcDbLine
10
-1802.9994938590537
20
-214.09422105361926
30
0
11
-1790.718782975365
21
-212.47524581810092
31
0
0
SPLINE
5
159
100
AcDbEntity
8
0
100
AcDbSpline
70
0
71
2
72
6
73
3
74
0
42
0.000000001
43
0.0000000001
44
0.0000000001
40
0
40
0
40
0
40
1
40
1
40
1
10
-1790.718782975365
20
-212.47524581810092
30
0
10
-1788.6195961164185
20
-222.91492013907771
30
0
10
-1783.54454612529
20
-227.52677715109581
30
0
0
SPLINE
5
160
100
AcDbEntity
8
0
100
AcDbSpline
70
0
71
2
72
6
73
3
74
0
42
0.000000001
43
0.0000000001
44
0.0000000001
40
0
40
0
40
0
40
1
40
1
40
1
10
-1783.54454612529
20
-227.52677715109581
30
0
10
-1778.4694937640588
20
-232.13864370336694
30
0
10
-1771.1707293848644
20
-232.14942034152844
30
0
0
SPLINE
5
161
100
AcDbEntity
8
0
100
AcDbSpline
70
0
71
2
72
6
73
3
74
0
42
0.000000001
43
0.0000000001
44
0.0000000001
40
0
40
0
40
0
40
1
40
1
40
1
10
-1771.1707293848644
20
-232.14942034152844
30
0
10
-1762.5077091570845
20
-232.16221130579726
30
0
10
-1756.530229482345
20
-226.16830873518541
30
0
0
SPLINE
5
162
100
AcDbEntity
8
0
100
AcDbSpline
70
0
71
2
72
6
73
3
74
0
42
0.000000001
43
0.0000000001
44
0.0000000001
40
0
40
0
40
0
40
1
40
1
40
1
10
-1756.530229482345
20
-226.16830873518541
30
0
10
-1750.5527545618916
20
-220.17439662080034
30
0
10
-1750.5396614545152
20
-211.30674194963461
30
0
0
SPLINE
5
163
100
AcDbEntity
8
0
100
AcDbSpline
70
0
71
2
72
6
73
3
74
0
42
0.000000001
43
0.0000000001
44
0.0000000001
40
0
40
0
40
0
40
1
40
1
40
1
10
-1750.5396614545152
20
-211.30674194963461
30
0
10
-1750.5271726333538
20
-202.84835616524015
30
0
10
-1756.0442950823654
20
-197.34907140275851
30
0
0
SPLINE
5
164
100
AcDbEntity
8
0
100
AcDbSpline
70
0
71
2
72
6
73
3
74
0
42
0.000000001
43
0.0000000001
44
0.0000000001
40
0
40
0
40
0
40
1
40
1
40
1
10
-1756.0442950823654
20
-197.34907140275851
30
0
10
-1761.5614222997431
20
-191.84978663323636
30
0
10
-1770.0880147968996
20
-191.83719710474656
30
0
0
SPLINE
5
165
100
AcDbEntity
8
0
100
AcDbSpline
70
0
71
2
72
6
73
3
74
0
42
0.000000001
43
0.0000000001
44
0.0000000001
40
0
40
0
40
0
40
1
40
1
40
1
10
-1770.0880147968996
20
-191.83719710474656
30
0
10
-1773.5668647074008
20
-191.83206057686925
30
0
10
-1778.7530469701242
20
-193.18866437676687
30
0
0
LINE
5
166
100
AcDbEntity
8
0
100
AcDbLine
10
-1778.7530469701242
20
-193.18866437676687
30
0
11
-1777.3728803396828
21
-182.41306440965838
31
0
0
SPLINE
5
167
100
AcDbEntity
8
0
100
AcDbSpline
70
0
71
2
72
6
73
3
74
0
42
0.000000001
43
0.0000000001
44
0.0000000001
40
0
40
0
40
0
40
1
40
1
40
1
10
-1777.3728803396828
20
-182.41306440965838
30
0
10
-1776.1452512662759
20
-182.55130026576398
30
0
10
-1775.3949106687628
20
-182.55240814494698
30
0
0
SPLINE
5
168
100
AcDbEntity
8
0
100
AcDbSpline
70
0
71
2
72
6
73
3
74
0
42
0.000000001
43
0.0000000001
44
0.0000000001
40
0
40
0
40
0
40
1
40
1
40
1
10
-1775.3949106687628
20
-182.55240814494698
30
0
10
-1767.5504449038076
20
-182.56399051214331
30
0
10
-1761.2688312243881
20
-178.48049124151032
30
0
0
SPLINE
5
169
100
AcDbEntity
8
0
100
AcDbSpline
70
0
71
2
72
6
73
3
74
0
42
0.000000001
43
0.0000000001
44
0.0000000001
40
0
40
0
40
0
40
1
40
1
40
1
10
-1761.2688312243881
20
-178.48049124151032
30
0
10
-1754.9872127766023
20
-174.39699197791788
30
0
10
-1754.9746232481125
20
-165.87039948076122
30
0
0
SPLINE
5
170
100
AcDbEntity
8
0
100
AcDbSpline
70
0
71
2
72
6
73
3
74
0
42
0.000000001
43
0.0000000001
44
0.0000000001
40
0
40
0
40
0
40
1
40
1
40
1
10
-1754.9746232481125
20
-165.87039948076122
30
0
10
-1754.9646523354656
20
-159.11733410314457
30
0
10
-1759.5283608479838
20
-154.67675877809452
30
0
0
SPLINE
5
171
100
AcDbEntity
8
0
100
AcDbSpline
70
0
71
2
72
6
73
3
74
0
42
0.000000001
43
0.0000000001
44
0.0000000001
40
0
40
0
40
0
40
1
40
1
40
1
10
-1759.5283608479838
20
-154.67675877809452
30
0
10
-1764.0920693605017
20
-150.2361834530445
30
0
10
-1771.3226198743846
20
-150.22550753277247
30
0
0
SPLINE
5
172
100
AcDbEntity
8
0
100
AcDbSpline
70
0
71
2
72
6
73
3
74
0
42
0.000000001
43
0.0000000001
44
0.0000000001
40
0
40
0
40
0
40
1
40
1
40
1
10
-1771.3226198743846
20
-150.22550753277247
30
0
10
-1778.4849589071384
20
-150.21493232686967
30
0
10
-1783.2664980619306
20
-154.70991623911954
30
0
0
SPLINE
5
173
100
AcDbEntity
8
0
100
AcDbSpline
70
0
71
2
72
6
73
3
74
0
42
0.000000001
43
0.0000000001
44
0.0000000001
40
0
40
0
40
0
40
1
40
1
40
1
10
-1783.2664980619306
20
-154.70991623911954
30
0
10
-1788.0480372308036
20
-159.20490968810216
30
0
10
-1789.4255876366256
20
-168.20698730051677
30
0
0
LINE
5
174
100
AcDbEntity
8
0
100
AcDbLine
10
-1789.4255876366256
20
-168.20698730051677
30
0
11
-1801.7006596021215
21
-166.00604806558167
31
0
0
SPLINE
5
175
100
AcDbEntity
8
0
100
AcDbSpline
70
0
71
2
72
6
73
3
74
0
42
0.000000001
43
0.0000000001
44
0.0000000001
40
0
40
0
40
0
40
1
40
1
40
1
10
-1801.7006596021215
20
-166.00604806558167
30
0
10
-1799.4314087598141
20
-153.66285996803424
30
0
10
-1791.4404963821071
20
-146.88747503349157
30
0
0
SPLINE
5
176
100
AcDbEntity
8
0
100
AcDbSpline
70
0
71
2
72
6
73
3
74
0
42
0.000000001
43
0.0000000001
44
0.0000000001
40
0
40
0
40
0
40
1
40
1
40
1
10
-1791.4404963821071
20
-146.88747503349157
30
0
10
-1783.4495840044001
20
-140.11209009894887
30
0
10
-1771.5805645589994
20
-140.12961472657759
30
0
0
SPLINE
5
177
100
AcDbEntity
8
0
100
AcDbSpline
70
0
71
2
72
6
73
3
74
0
42
0.000000001
43
0.0000000001
44
0.0000000001
40
0
40
0
40
0
40
1
40
1
40
1
10
-1771.5805645589994
20
-140.12961472657759
30
0
10
-1763.3950342358517
20
-140.14170067618079
30
0
10
-1756.5107327880805
20
-143.66483343699792
30
0
0
SPLINE
5
178
100
AcDbEntity
8
0
100
AcDbSpline
70
0
71
2
72
6
73
3
74
0
42
0.000000001
43
0.0000000001
44
0.0000000001
40
0
40
0
40
0
40
1
40
1
40
1
10
-1756.5107327880805
20
-143.66483343699792
30
0
10
-1749.6264360945947
20
-147.18795665404181
30
0
10
-1745.9860164677796
20
-153.26428600448128
30
0
0
SPLINE
5
179
100
AcDbEntity
8
0
100
AcDbSpline
70
0
71
2
72
6
73
3
74
0
42
0.000000001
43
0.0000000001
44
0.0000000001
40
0
40
0
40
0
40
1
40
1
40
1
10
-1745.9860164677796
20
-153.26428600448128
30
0
10
-1742.3455968268831
20
-159.34060581818798
30
0
10
-1742.3556684538994
20
-166.16188267693315
30
0
0
SPLINE
5
180
100
AcDbEntity
8
0
100
AcDbSpline
70
0
71
2
72
6
73
3
74
0
42
0.000000001
43
0.0000000001
44
0.0000000001
40
0
40
0
40
0
40
1
40
1
40
1
10
-1742.3556684538994
20
-166.16188267693315
30
0
10
-1742.3652365020289
20
-172.6420973616693
30
0
10
-1745.851944658323
20
-177.95755172562457
30
0
0
SPLINE
5
181
100
AcDbEntity
8
0
100
AcDbSpline
70
0
71
2
72
6
73
3
74
0
42
0.000000001
43
0.0000000001
44
0.0000000001
40
0
40
0
40
0
40
1
40
1
40
1
10
-1745.851944658323
20
-177.95755172562457
30
0
10
-1749.3386480532911
20
-183.27301086498676
30
0
10
-1756.1645578575065
20
-186.40072459027948
30
0
0
SPLINE
5
182
100
AcDbEntity
8
0
100
AcDbSpline
70
0
71
2
72
6
73
3
74
0
42
0.000000001
43
0.0000000001
44
0.0000000001
40
0
40
0
40
0
40
1
40
1
40
1
10
-1756.1645578575065
20
-186.40072459027948
30
0
10
-1747.2999199053754
20
-188.46020028548338
30
0
10
-1742.3981203596254
20
-194.91356318219226
30
0
0
SPLINE
5
183
100
AcDbEntity
8
0
100
AcDbSpline
70
0
71
2
72
6
73
3
74
0
42
0.000000001
43
0.0000000001
44
0.0000000001
40
0
40
0
40
0
40
1
40
1
40
1
10
-1742.3981203596254
20
-194.91356318219226
30
0
10
-1737.4963207927535
20
-201.366911773802
30
0
10
-1737.5106225007225
20
-211.05312329197557
30
0
0
SPLINE
5
184
100
AcDbEntity
8
0
100
AcDbSpline
70
0
71
2
72
6
73
3
74
0
42
0.000000001
43
0.0000000001
44
0.0000000001
40
0
40
0
40
0
40
1
40
1
40
1
10
-1737.5106225007225
20
-211.05312329197557
30
0
10
-1737.5299600116391
20
-224.14996608697211
30
0
10
-1747.0931894244591
20
-233.2422725908134
30
0
0
SPLINE
5
185
100
AcDbEntity
8
0
100
AcDbSpline
70
0
71
2
72
6
73
3
74
0
42
0.000000001
43
0.0000000001
44
0.0000000001
40
0
40
0
40
0
40
1
40
1
40
1
10
-1747.0931894244591
20
-233.2422725908134
30
0
10
-1756.6564188231985
20
-242.33456955792184
30
0
10
-1771.2539475815875
20
-242.31301628159883
30
0
0
SPLINE
5
186
100
AcDbEntity
8
0
100
AcDbSpline
70
0
71
2
72
6
73
3
74
0
42
0.000000001
43
0.0000000001
44
0.0000000001
40
0
40
0
40
0
40
1
40
1
40
1
10
-1771.2539475815875
20
-242.31301628159883
30
0
10
-1784.419009010262
20
-242.29357804575238
30
0
10
-1793.1045526219709
20
-234.4362781118931
30
0
0
SPLINE
5
187
100
AcDbEntity
8
0
100
AcDbSpline
70
0
71
2
72
6
73
3
74
0
42
0.000000001
43
0.0000000001
44
0.0000000001
40
0
40
0
40
0
40
1
40
1
40
1
10
-1793.1045526219709
20
-234.4362781118931
30
0
10
-1801.7900956235528
20
-226.57896864218117
30
0
10
-1802.9994938590537
20
-214.09422105361926
30
0
0
LINE
5
188
100
AcDbEntity
8
0
100
AcDbLine
10
-19.659596994198871
20
31.337704411191556
30
0
11
-19.677020896897556
21
19.536903599468939
31
0
0
LINE
5
189
100
AcDbEntity
8
0
100
AcDbLine
10
-19.677020896897552
20
19.536903599468936
30
0
11
-85.775173964785012
21
19.63449763617837
31
0
0
SPLINE
5
190
100
AcDbEntity
8
0
100
AcDbSpline
70
0
71
2
72
6
73
3
74
0
42
0.000000001
43
0.0000000001
44
0.0000000001
40
0
40
0
40
0
40
1
40
1
40
1
10
-85.775173964785012
20
19.634497636178381
30
0
10
-85.905053055559932
20
24.068526404459973
30
0
10
-84.330117106581
20
28.15897509285854
30
0
0
SPLINE
5
191
100
AcDbEntity
8
0
100
AcDbSpline
70
0
71
2
72
6
73
3
74
0
42
0.000000001
43
0.0000000001
44
0.0000000001
40
0
40
0
40
0
40
1
40
1
40
1
10
-84.330117106581
20
28.15897509285854
30
0
10
-81.796274304560498
20
34.908313969288841
30
0
10
-76.227266714163676
20
41.448531761810727
30
0
0
SPLINE
5
192
100
AcDbEntity
8
0
100
AcDbSpline
70
0
71
2
72
6
73
3
74
0
42
0.000000001
43
0.0000000001
44
0.0000000001
40
0
40
0
40
0
40
1
40
1
40
1
10
-76.227266714163676
20
41.448531761810727
30
0
10
-70.658258541802056
20
47.988740016719774
30
0
10
-60.140805887179063
20
56.568038463610065
30
0
0
SPLINE
5
193
100
AcDbEntity
8
0
100
AcDbSpline
70
0
71
2
72
6
73
3
74
0
42
0.000000001
43
0.0000000001
44
0.0000000001
40
0
40
0
40
0
40
1
40
1
40
1
10
-60.140805887179063
20
56.568038463610065
30
0
10
-43.818216332497414
20
69.913670303382702
30
0
10
-38.07681500362893
20
77.715570165867817
30
0
0
SPLINE
5
194
100
AcDbEntity
8
0
100
AcDbSpline
70
0
71
2
72
6
73
3
74
0
42
0.000000001
43
0.0000000001
44
0.0000000001
40
0
40
0
40
0
40
1
40
1
40
1
10
-38.07681500362893
20
77.715570165867817
30
0
10
-32.335413674760446
20
85.51747002835296
30
0
10
-32.325140619005843
20
92.475169849355154
30
0
0
SPLINE
5
195
100
AcDbEntity
8
0
100
AcDbSpline
70
0
71
2
72
6
73
3
74
0
42
0.000000001
43
0.0000000001
44
0.0000000001
40
0
40
0
40
0
40
1
40
1
40
1
10
-32.325140619005843
20
92.475169849355154
30
0
10
-32.314363977324099
20
99.773936612732797
30
0
10
-37.525237398779964
20
104.7952734840338
30
0
0
SPLINE
5
196
100
AcDbEntity
8
0
100
AcDbSpline
70
0
71
2
72
6
73
3
74
0
42
0.000000001
43
0.0000000001
44
0.0000000001
40
0
40
0
40
0
40
1
40
1
40
1
10
-37.525237398779964
20
104.7952734840338
30
0
10
-42.736106037788446
20
109.81661988502707
30
0
10
-51.126275572688051
20
109.82900798477844
30
0
0
SPLINE
5
197
100
AcDbEntity
8
0
100
AcDbSpline
70
0
71
2
72
6
73
3
74
0
42
0.000000001
43
0.0000000001
44
0.0000000001
40
0
40
0
40
0
40
1
40
1
40
1
10
-51.126275572688051
20
109.82900798477844
30
0
10
-59.99393262803693
20
109.84210109567516
30
0
10
-65.322384167446842
20
104.52935653223973
30
0
0
SPLINE
5
198
100
AcDbEntity
8
0
100
AcDbSpline
70
0
71
2
72
6
73
3
74
0
42
0.000000001
43
0.0000000001
44
0.0000000001
40
0
40
0
40
0
40
1
40
1
40
1
10
-65.322384167446842
20
104.52935653223973
30
0
10
-70.650833308592553
20
99.216621502016807
30
0
10
-70.73294482526444
20
89.803361392853077
30
0
0
LINE
5
199
100
AcDbEntity
8
0
100
AcDbLine
10
-70.73294482526444
20
89.803361392853077
30
0
11
-83.350390067868716
21
91.118035881178599
31
0
0
SPLINE
5
200
100
AcDbEntity
8
0
100
AcDbSpline
70
0
71
2
72
6
73
3
74
0
42
0.000000001
43
0.0000000001
44
0.0000000001
40
0
40
0
40
0
40
1
40
1
40
1
10
-83.350390067868716
20
91.118035881178599
30
0
10
-82.033499815896889
20
105.23616589508357
30
0
10
-73.564191083112917
20
112.62476345021659
30
0
0
SPLINE
5
201
100
AcDbEntity
8
0
100
AcDbSpline
70
0
71
2
72
6
73
3
74
0
42
0.000000001
43
0.0000000001
44
0.0000000001
40
0
40
0
40
0
40
1
40
1
40
1
10
-73.564191083112917
20
112.62476345021659
30
0
10
-65.094882364409955
20
120.0133514686168
30
0
10
-50.838418164213302
20
119.99230177470068
30
0
0
SPLINE
5
202
100
AcDbEntity
8
0
100
AcDbSpline
70
0
71
2
72
6
73
3
74
0
42
0.000000001
43
0.0000000001
44
0.0000000001
40
0
40
0
40
0
40
1
40
1
40
1
10
-50.838418164213302
20
119.99230177470068
30
0
10
-36.445528617576414
20
119.97105064852585
30
0
10
-28.067142882131797
20
111.97777143737879
30
0
0
SPLINE
5
203
100
AcDbEntity
8
0
100
AcDbSpline
70
0
71
2
72
6
73
3
74
0
42
0.000000001
43
0.0000000001
44
0.0000000001
40
0
40
0
40
0
40
1
40
1
40
1
10
-28.067142882131797
20
111.97777143737879
30
0
10
-19.688761915053572
20
103.98449223327222
30
0
10
-19.706185824792762
20
92.18368665318323
30
0
0
SPLINE
5
204
100
AcDbEntity
8
0
100
AcDbSpline
70
0
71
2
72
6
73
3
74
0
42
0.000000001
43
0.0000000001
44
0.0000000001
40
0
40
0
40
0
40
1
40
1
40
1
10
-19.706185824792762
20
92.18368665318323
30
0
10
-19.715048858256694
20
86.180961873079553
30
0
10
-22.179265970456406
20
80.386506853750888
30
0
0
SPLINE
5
205
100
AcDbEntity
8
0
100
AcDbSpline
70
0
71
2
72
6
73
3
74
0
42
0.000000001
43
0.0000000001
44
0.0000000001
40
0
40
0
40
0
40
1
40
1
40
1
10
-22.179265970456406
20
80.386506853750888
30
0
10
-24.643487858063011
20
74.592047073096353
30
0
10
-30.348716378892142
20
68.188458439056291
30
0
0
SPLINE
5
206
100
AcDbEntity
8
0
100
AcDbSpline
70
0
71
2
72
6
73
3
74
0
42
0.000000001
43
0.0000000001
44
0.0000000001
40
0
40
0
40
0
40
1
40
1
40
1
10
-30.348716378892142
20
68.188458439056291
30
0
10
-36.053949668087654
20
61.784869812056741
30
0
10
-49.303742428409194
20
50.617516052593245
30
0
0
SPLINE
5
207
100
AcDbEntity
8
0
100
AcDbSpline
70
0
71
2
72
6
73
3
74
0
42
0.000000001
43
0.0000000001
44
0.0000000001
40
0
40
0
40
0
40
1
40
1
40
1
10
-49.303742428409194
20
50.617516052593245
30
0
10
-60.367902434474843
20
41.356898984959614
30
0
10
-63.510574912921172
20
38.053210726270486
30
0
0
SPLINE
5
208
100
AcDbEntity
8
0
100
AcDbSpline
70
0
71
2
72
6
73
3
74
0
42
0.000000001
43
0.0000000001
44
0.0000000001
40
0
40
0
40
0
40
1
40
1
40
1
10
-63.510574912921172
20
38.053210726270486
30
0
10
-66.6532449931033
20
34.749532000793906
30
0
10
-68.704562683589799
20
31.410119387401068
30
0
0
LINE
5
209
100
AcDbEntity
8
0
100
AcDbLine
10
-68.704562683589799
20
31.410119387401068
30
0
11
-19.659596994198871
21
31.337704411191559
31
0
0
LINE
5
210
100
AcDbEntity
8
0
100
AcDbLine
10
-19.659596994198871
20
331.33770441119157
30
0
11
-19.677020896897556
21
319.53690359946893
31
0
0
LINE
5
211
100
AcDbEntity
8
0
100
AcDbLine
10
-19.677020896897552
20
319.53690359946899
30
0
11
-85.775173964785012
21
319.63449763617842
31
0
0
SPLINE
5
212
100
AcDbEntity
8
0
100
AcDbSpline
70
0
71
2
72
6
73
3
74
0
42
0.000000001
43
0.0000000001
44
0.0000000001
40
0
40
0
40
0
40
1
40
1
40
1
10
-85.775173964785012
20
319.63449763617837
30
0
10
-85.905053055559932
20
324.06852640445999
30
0
10
-84.330117106581
20
328.15897509285855
30
0
0
SPLINE
5
213
100
AcDbEntity
8
0
100
AcDbSpline
70
0
71
2
72
6
73
3
74
0
42
0.000000001
43
0.0000000001
44
0.0000000001
40
0
40
0
40
0
40
1
40
1
40
1
10
-84.330117106581
20
328.15897509285855
30
0
10
-81.796274304560498
20
334.90831396928883
30
0
10
-76.227266714163676
20
341.44853176181073
30
0
0
SPLINE
5
214
100
AcDbEntity
8
0
100
AcDbSpline
70
0
71
2
72
6
73
3
74
0
42
0.000000001
43
0.0000000001
44
0.0000000001
40
0
40
0
40
0
40
1
40
1
40
1
10
-76.227266714163676
20
341.44853176181073
30
0
10
-70.658258541802056
20
347.98874001671976
30
0
10
-60.140805887179063
20
356.56803846361009
30
0
0
SPLINE
5
215
100
AcDbEntity
8
0
100
AcDbSpline
70
0
71
2
72
6
73
3
74
0
42
0.000000001
43
0.0000000001
44
0.0000000001
40
0
40
0
40
0
40
1
40
1
40
1
10
-60.140805887179063
20
356.56803846361009
30
0
10
-43.818216332497414
20
369.91367030338273
30
0
10
-38.07681500362893
20
377.7155701658678
30
0
0
SPLINE
5
216
100
AcDbEntity
8
0
100
AcDbSpline
70
0
71
2
72
6
73
3
74
0
42
0.000000001
43
0.0000000001
44
0.0000000001
40
0
40
0
40
0
40
1
40
1
40
1
10
-38.07681500362893
20
377.7155701658678
30
0
10
-32.335413674760446
20
385.51747002835299
30
0
10
-32.325140619005843
20
392.47516984935515
30
0
0
SPLINE
5
217
100
AcDbEntity
8
0
100
AcDbSpline
70
0
71
2
72
6
73
3
74
0
42
0.000000001
43
0.0000000001
44
0.0000000001
40
0
40
0
40
0
40
1
40
1
40
1
10
-32.325140619005843
20
392.47516984935515
30
0
10
-32.314363977324099
20
399.77393661273283
30
0
10
-37.525237398779964
20
404.79527348403383
30
0
0
SPLINE
5
218
100
AcDbEntity
8
0
100
AcDbSpline
70
0
71
2
72
6
73
3
74
0
42
0.000000001
43
0.0000000001
44
0.0000000001
40
0
40
0
40
0
40
1
40
1
40
1
10
-37.525237398779964
20
404.79527348403383
30
0
10
-42.736106037788446
20
409.81661988502708
30
0
10
-51.126275572688051
20
409.8290079847784
30
0
0
SPLINE
5
219
100
AcDbEntity
8
0
100
AcDbSpline
70
0
71
2
72
6
73
3
74
0
42
0.000000001
43
0.0000000001
44
0.0000000001
40
0
40
0
40
0
40
1
40
1
40
1
10
-51.126275572688051
20
409.8290079847784
30
0
10
-59.99393262803693
20
409.84210109567522
30
0
10
-65.322384167446842
20
404.52935653223972
30
0
0
SPLINE
5
220
100
AcDbEntity
8
0
100
AcDbSpline
70
0
71
2
72
6
73
3
74
0
42
0.000000001
43
0.0000000001
44
0.0000000001
40
0
40
0
40
0
40
1
40
1
40
1
10
-65.322384167446842
20
404.52935653223972
30
0
10
-70.650833308592553
20
399.21662150201684
30
0
10
-70.73294482526444
20
389.80336139285316
30
0
0
LINE
5
221
100
AcDbEntity
8
0
100
AcDbLine
10
-70.73294482526444
20
389.80336139285316
30
0
11
-83.350390067868716
21
391.11803588117868
31
0
0
SPLINE
5
222
100
AcDbEntity
8
0
100
AcDbSpline
70
0
71
2
72
6
73
3
74
0
42
0.000000001
43
0.0000000001
44
0.0000000001
40
0
40
0
40
0
40
1
40
1
40
1
10
-83.350390067868716
20
391.11803588117868
30
0
10
-82.033499815896889
20
405.23616589508356
30
0
10
-73.564191083112917
20
412.62476345021662
30
0
0
SPLINE
5
223
100
AcDbEntity
8
0
100
AcDbSpline
70
0
71
2
72
6
73
3
74
0
42
0.000000001
43
0.0000000001
44
0.0000000001
40
0
40
0
40
0
40
1
40
1
40
1
10
-73.564191083112917
20
412.62476345021662
30
0
10
-65.094882364409955
20
420.01335146861686
30
0
10
-50.838418164213302
20
419.99230177470065
30
0
0
SPLINE
5
224
100
AcDbEntity
8
0
100
AcDbSpline
70
0
71
2
72
6
73
3
74
0
42
0.000000001
43
0.0000000001
44
0.0000000001
40
0
40
0
40
0
40
1
40
1
40
1
10
-50.838418164213302
20
419.99230177470065
30
0
10
-36.445528617576414
20
419.97105064852582
30
0
10
-28.067142882131797
20
411.97777143737881
30
0
0
SPLINE
5
225
100
AcDbEntity
8
0
100
AcDbSpline
70
0
71
2
72
6
73
3
74
0
42
0.000000001
43
0.0000000001
44
0.0000000001
40
0
40
0
40
0
40
1
40
1
40
1
10
-28.067142882131797
20
411.97777143737881
30
0
10
-19.688761915053572
20
403.98449223327225
30
0
10
-19.706185824792762
20
392.18368665318326
30
0
0
SPLINE
5
226
100
AcDbEntity
8
0
100
AcDbSpline
70
0
71
2
72
6
73
3
74
0
42
0.000000001
43
0.0000000001
44
0.0000000001
40
0
40
0
40
0
40
1
40
1
40
1
10
-19.706185824792762
20
392.18368665318326
30
0
10
-19.715048858256694
20
386.18096187307958
30
0
10
-22.179265970456406
20
380.38650685375092
30
0
0
SPLINE
5
227
100
AcDbEntity
8
0
100
AcDbSpline
70
0
71
2
72
6
73
3
74
0
42
0.000000001
43
0.0000000001
44
0.0000000001
40
0
40
0
40
0
40
1
40
1
40
1
10
-22.179265970456406
20
380.38650685375092
30
0
10
-24.643487858063011
20
374.59204707309641
30
0
10
-30.348716378892142
20
368.18845843905626
30
0
0
SPLINE
5
228
100
AcDbEntity
8
0
100
AcDbSpline
70
0
71
2
72
6
73
3
74
0
42
0.000000001
43
0.0000000001
44
0.0000000001
40
0
40
0
40
0
40
1
40
1
40
1
10
-30.348716378892142
20
368.18845843905626
30
0
10
-36.053949668087654
20
361.7848698120568
30
0
10
-49.303742428409194
20
350.61751605259326
30
0
0
SPLINE
5
229
100
AcDbEntity
8
0
100
AcDbSpline
70
0
71
2
72
6
73
3
74
0
42
0.000000001
43
0.0000000001
44
0.0000000001
40
0
40
0
40
0
40
1
40
1
40
1
10
-49.303742428409194
20
350.61751605259326
30
0
10
-60.367902434474843
20
341.35689898495963
30
0
10
-63.510574912921172
20
338.05321072627055
30
0
0
SPLINE
5
230
100
AcDbEntity
8
0
100
AcDbSpline
70
0
71
2
72
6
73
3
74
0
42
0.000000001
43
0.0000000001
44
0.0000000001
40
0
40
0
40
0
40
1
40
1
40
1
10
-63.510574912921172
20
338.05321072627055
30
0
10
-66.6532449931033
20
334.74953200079392
30
0
10
-68.704562683589799
20
331.4101193874011
30
0
0
LINE
5
231
100
AcDbEntity
8
0
100
AcDbLine
10
-68.704562683589799
20
331.4101193874011
30
0
11
-19.659596994198871
21
331.33770441119157
31
0
0
LINE
5
232
100
AcDbEntity
8
0
100
AcDbLine
10
-42.528291310551147
20
619.57064353954433
30
0
11
-42.492939912186145
21
643.51331687373136
31
0
0
LINE
5
233
100
AcDbEntity
8
0
100
AcDbLine
10
-42.492939912186145
20
643.51331687373136
30
0
11
-85.876248210883148
21
643.57737240306403
31
0
0
LINE
5
234
100
AcDbEntity
8
0
100
AcDbLine
10
-85.876248210883148
20
643.57737240306415
30
0
11
-85.859630023138294
21
654.83248136575867
31
0
0
LINE
5
235
100
AcDbEntity
8
0
100
AcDbLine
10
-85.859630023138294
20
654.83248136575855
30
0
11
-40.129619506931206
21
719.56721089930716
31
0
0
LINE
5
236
100
AcDbEntity
8
0
100
AcDbLine
10
-40.129619506931206
20
719.56721089930716
30
0
11
-30.10234581474862
21
719.55240561245137
31
0
0
LINE
5
237
100
AcDbEntity
8
0
100
AcDbLine
10
-30.102345814748617
20
719.55240561245137
30
0
11
-30.198026239719798
21
654.75029691202099
31
0
0
LINE
5
238
100
AcDbEntity
8
0
100
AcDbLine
10
-30.198026239719802
20
654.75029691202099
30
0
11
-16.691905021219302
21
654.73035510080808
31
0
0
LINE
5
239
100
AcDbEntity
8
0
100
AcDbLine
10
-16.691905021219302
20
654.73035510080808
30
0
11
-16.708523208964177
21
643.47524613811379
31
0
0
LINE
5
240
100
AcDbEntity
8
0
100
AcDbLine
10
-16.708523208964181
20
643.47524613811379
30
0
11
-30.214644427464677
21
643.49518794932669
31
0
0
LINE
5
241
100
AcDbEntity
8
0
100
AcDbLine
10
-30.214644427464677
20
643.49518794932669
30
0
11
-30.249995825829682
21
619.55251461513956
31
0
0
LINE
5
242
100
AcDbEntity
8
0
100
AcDbLine
10
-30.249995825829679
20
619.55251461513956
30
0
11
-42.52829131055114
21
619.57064353954433
31
0
0
LINE
5
243
100
AcDbEntity
8
0
100
AcDbLine
10
-42.47632172444127
20
654.76842583642576
30
0
11
-42.409748294295049
21
699.85704932649992
31
0
0
LINE
5
244
100
AcDbEntity
8
0
100
AcDbLine
10
-42.409748294295042
20
699.85704932649992
30
0
11
-73.785973303134426
21
654.81465459084177
31
0
0
LINE
5
245
100
AcDbEntity
8
0
100
AcDbLine
10
-73.78597330313444
20
654.81465459084177
30
0
11
-42.47632172444127
21
654.76842583642565
31
0
0
ENDSEC
0
SECTION
2
OBJECTS
0
DICTIONARY
5
C
100
AcDbDictionary
3
ACAD_GROUP
350
D
3
ACAD_MLINESTYLE
350
17
0
DICTIONARY
5
D
100
AcDbDictionary
0
DICTIONARY
5
1A
330
C
100
AcDbDictionary
0
DICTIONARY
5
17
100
AcDbDictionary
0
ENDSEC
0
EOF
